    .13622E-02  1  1
    .61015E-02  2  1
    .27247E-02  2  2
    .18097E-01  3  1
    .12209E-01  3  2
    .54504E-02  3  3
    .41364E-01  4  1
    .36186E-01  4  2
    .24431E-01  4  3
    .10904E-01  4  4
    .84793E-01  5  1
    .81523E-01  5  2
    .71888E-01  5  3
    .48826E-01  5  4
    .21819E-01  5  5
    .15356E+00  6  1
    .15305E+00  6  2
    .15082E+00  6  3
    .13827E+00  6  4
    .96811E-01  6  5
    .43638E-01  6  6
    .17779E+00  7  1
    .15809E+00  7  2
    .16150E+00  7  3
    .19344E+00  7  4
    .22590E+00  7  5
    .18465E+00  7  6
    .86967E-01  7  7
    .10689E-01  8  1
    .20643E-02  8  2
    .00000E+00  8  3
    .74395E-02  8  4
    .43612E-01  8  5
    .15594E+00  8  6
    .28913E+00  8  7
    .17022E+00  8  8
    .65619E+00  9  1
    .66791E+00  9  2
    .67798E+00  9  3
    .68253E+00  9  4
    .67388E+00  9  5
    .63729E+00  9  6
    .54465E+00  9  7
    .34253E+00  9  8
    .64290E-01  9  9
    .12637E+01 10  1
    .12852E+01 10  2
    .13067E+01 10  3
    .13243E+01 10  4
    .13301E+01 10  5
    .13084E+01 10  6
    .12292E+01 10  7
    .10358E+01 10  8
    .35254E+00 10  9
    .11901E+00 10 10
    .24020E+01 11  1
    .24372E+01 11  2
    .24748E+01 11  3
    .25110E+01 11  4
    .25374E+01 11  5
    .25372E+01 11  6
    .24782E+01 11  7
    .22989E+01 11  8
    .11500E+01 11  9
    .63416E+00 11 10
    .21264E+00 11 11
    .44952E+01 12  1
    .45479E+01 12  2
    .46061E+01 12  3
    .46659E+01 12  4
    .47181E+01 12  5
    .47444E+01 12  6
    .47092E+01 12  7
    .45447E+01 12  8
    .26633E+01 12  9
    .19004E+01 12 10
    .10722E+01 12 11
    .36208E+00 12 12
    .82555E+01 13  1
    .83272E+01 13  2
    .84075E+01 13  3
    .84917E+01 13  4
    .85694E+01 13  5
    .86196E+01 13  6
    .86012E+01 13  7
    .84368E+01 13  8
    .50439E+01 13  9
    .35727E+01 13 10
    .26123E+01 13 11
    .16378E+01 13 12
    .57767E+00 13 13
    .14826E+02 14  1
    .14912E+02 14  2
    .15007E+02 14  3
    .15105E+02 14  4
    .15193E+02 14  5
    .15244E+02 14  6
    .15209E+02 14  7
    .14996E+02 14  8
    .85177E+01 14  9
    .49586E+01 14 10
    .30371E+01 14 11
    .26363E+01 14 12
    .21811E+01 14 13
    .84721E+00 14 14
    .25958E+02 15  1
    .26037E+02 15  2
    .26120E+02 15  3
    .26197E+02 15  4
    .26248E+02 15  5
    .26237E+02 15  6
    .26100E+02 15  7
    .25717E+02 15  8
    .14151E+02 15  9
    .64505E+01 15 10
    .17804E+01 15 11
    .80835E+00 15 12
    .17048E+01 15 13
    .25998E+01 15 14
    .11246E+01 15 15
    .44235E+02 16  1
    .44259E+02 16  2
    .44267E+02 16  3
    .44241E+02 16  4
    .44150E+02 16  5
    .43939E+02 16  6
    .43515E+02 16  7
    .42718E+02 16  8
    .24785E+02 16  9
    .69701E+01 16 10
    .00000E+00 16 11
    .00000E+00 16 12
    .00000E+00 16 13
    .73437E+00 16 14
    .28033E+01 16 15
    .13321E+01 16 16
    .73429E+02 17  1
    .73301E+02 17  2
    .73111E+02 17  3
    .72825E+02 17  4
    .72388E+02 17  5
    .71713E+02 17  6
    .70660E+02 17  7
    .69000E+02 17  8
    .45986E+02 17  9
    .45661E+01 17 10
    .00000E+00 17 11
    .00000E+00 17 12
    .00000E+00 17 13
    .00000E+00 17 14
    .38884E+00 17 15
    .29923E+01 17 16
    .13613E+01 17 17
    .11922E+03 18  1
    .11877E+03 18  2
    .11816E+03 18  3
    .11733E+03 18  4
    .11619E+03 18  5
    .11459E+03 18  6
    .11232E+03 18  7
    .10903E+03 18  8
    .86698E+02 18  9
    .00000E+00 18 10
    .00000E+00 18 11
    .00000E+00 18 12
    .00000E+00 18 13
    .00000E+00 18 14
    .00000E+00 18 15
    .38078E+00 18 16
    .31879E+01 18 17
    .11211E+01 18 18
    .37727E+03    34 16  0
    .37511E+03    34 17  0
    .37228E+03    34 18  0
    .36857E+03    34 19  0
    .36362E+03    34 20  0
    .35698E+03    34 21  0
    .34794E+03    34 22  0
    .33545E+03    34 23  0
    .31795E+03    34 24  0
    .23753E+03    34 25  0
    .21907E+03    34 26  0
    .19589E+03    34 27  0
    .16554E+03    34 28  0
    .12412E+03    34 29  0
    .65231E+02    34 30  0
    .30673E+02    34 31  0
    .00000E+00    34 32  0
    .00000E+00    34 33  0
    .00000E+00    34 34  0
    .59510E+03    35 16  0
    .59073E+03    35 17  0
    .58510E+03    35 18  0
    .57780E+03    35 19  0
    .56827E+03    35 20  0
    .55572E+03    35 21  0
    .53905E+03    35 22  0
    .51666E+03    35 23  0
    .48619E+03    35 24  0
    .36006E+03    35 25  0
    .32861E+03    35 26  0
    .29019E+03    35 27  0
    .24169E+03    35 28  0
    .17820E+03    35 29  0
    .91965E+02    35 30  0
    .42099E+02    35 31  0
    .00000E+00    35 32  0
    .00000E+00    35 33  0
    .00000E+00    35 34  0
    .00000E+00    35 35  0
    .93991E+03    36 16  0
    .93181E+03    36 17  0
    .92144E+03    36 18  0
    .90811E+03    36 19  0
    .89088E+03    36 20  0
    .86848E+03    36 21  0
    .83916E+03    36 22  0
    .80046E+03    36 23  0
    .74883E+03    36 24  0
    .55058E+03    36 25  0
    .49813E+03    36 26  0
    .43531E+03    36 27  0
    .35807E+03    36 28  0
    .26023E+03    36 29  0
    .13217E+03    36 30  0
    .59067E+02    36 31  0
    .00000E+00    36 32  0
    .00000E+00    36 33  0
    .00000E+00    36 34  0
    .00000E+00    36 35  0
    .00000E+00    36 36  0
