    .58135E+04  9  6
    .44941E+04  9  7
    .24703E+04  9  8
    .83096E+03  9  9
    .62703E+04 10  6
    .55622E+04 10  7
    .42655E+04 10  8
    .23209E+04 10  9
    .77131E+03 10 10
    .62407E+04 11  6
    .59108E+04 11  7
    .51999E+04 11  8
    .39456E+04 11  9
    .21181E+04 11 10
    .69288E+03 11 11
    .59125E+04 12  6
    .57761E+04 12  7
    .54235E+04 12  8
    .47185E+04 12  9
    .35301E+04 12 10
    .18617E+04 12 11
    .59643E+03 12 12
    .54074E+04 13  6
    .53526E+04 13  7
    .51810E+04 13  8
    .48079E+04 13  9
    .41206E+04 13 10
    .30250E+04 13 11
    .15581E+04 13 12
    .48567E+03 13 13
    .47992E+04 14  6
    .47691E+04 14  7
    .46747E+04 14  8
    .44683E+04 14  9
    .40805E+04 14 10
    .34268E+04 14 11
    .24522E+04 14 12
    .12239E+04 14 13
    .36791E+03 14 14
    .41396E+04 15  6
    .41098E+04 15  7
    .40411E+04 15  8
    .39076E+04 15  9
    .36707E+04 15 10
    .32785E+04 15 11
    .26776E+04 15 12
    .18510E+04 15 13
    .88563E+03 15 14
    .25367E+03 15 15
    .34722E+04 16  6
    .34356E+04 16  7
    .33719E+04 16  8
    .32668E+04 16  9
    .30994E+04 16 10
    .28418E+04 16 11
    .24613E+04 16 12
    .19341E+04 16 13
    .12750E+04 16 14
    .57619E+03 16 15
    .15472E+03 16 16
    .28373E+04 17  6
    .27946E+04 17  7
    .27308E+04 17  8
    .26375E+04 17  9
    .25029E+04 17 10
    .23122E+04 17 11
    .20490E+04 17 12
    .17001E+04 17 13
    .12662E+04 17 14
    .78173E+03 17 15
    .32684E+03 17 16
    .80424E+02 17 17
    .22691E+04 18  6
    .22237E+04 18  7
    .21612E+04 18  8
    .20756E+04 18  9
    .19601E+04 18 10
    .18070E+04 18 11
    .16083E+04 18 12
    .13592E+04 18 13
    .10618E+04 18 14
    .73374E+03 18 15
    .41351E+03 18 16
    .15532E+03 18 17
    .33842E+02 18 18
