    .26748E+04  9  6  1
    .22581E+05  9  6  2
    .61886E+05  9  6  3
    .56253E+05  9  6  4
    .22748E+05  9  6  5
    .33507E+05  9  6  6
    .23642E+04  9  6  7
    .21201E+03  9  6  8
    .46502E+04  9  6  9
    .77332E+02  9  6 10
    .13244E+04  9  7  1
    .16542E+05  9  7  2
    .68715E+05  9  7  3
    .97423E+05  9  7  4
    .47142E+05  9  7  5
    .11145E+05  9  7  6
    .17442E+05  9  7  7
    .15186E+04  9  7  8
    .49962E+04  9  7  9
    .94277E+02  9  7 10
    .20072E+04  9  8  1
    .27535E+04  9  8  2
    .47607E+04  9  8  3
    .87470E+04  9  8  4
    .64795E+04  9  8  5
    .16190E+04  9  8  6
    .20914E+04  9  8  7
    .92986E+04  9  8  8
    .60957E+04  9  8  9
    .10087E+03  9  8 10
    .00000E+00  9  9  1
    .00000E+00  9  9  2
    .00000E+00  9  9  3
    .00000E+00  9  9  4
    .13636E-12  9  9  5
    .69481E-06  9  9  6
    .41271E+00  9  9  7
    .87056E+03  9  9  8
    .51148E+04  9  9  9
    .16976E+03  9  9 10
    .24631E+04 10  6  1
    .20798E+05 10  6  2
    .57011E+05 10  6  3
    .51833E+05 10  6  4
    .20949E+05 10  6  5
    .30864E+05 10  6  6
    .21823E+04 10  6  7
    .59408E+00 10  6  8
    .10448E+03 10  6  9
    .22233E+04 10  6 10
    .18477E+02 10  6 11
    .12616E+04 10  7  1
    .15788E+05 10  7  2
    .66080E+05 10  7  3
    .94374E+05 10  7  4
    .46580E+05 10  7  5
    .10899E+05 10  7  6
    .16239E+05 10  7  7
    .12055E+04 10  7  8
    .98556E+02 10  7  9
    .23338E+04 10  7 10
    .37273E+02 10  7 11
    .30556E+04 10  8  1
    .46033E+04 10  8  2
    .98583E+04 10  8  3
    .18066E+05 10  8  4
    .13767E+05 10  8  5
    .33488E+04 10  8  6
    .22686E+04 10  8  7
    .85430E+04 10  8  8
    .81472E+03 10  8  9
    .25063E+04 10  8 10
    .44389E+02 10  8 11
    .00000E+00 10  9  1
    .00000E+00 10  9  2
    .00000E+00 10  9  3
    .00000E+00 10  9  4
    .13505E-12 10  9  5
    .68104E-06 10  9  6
    .40284E+00 10  9  7
    .94721E+03 10  9  8
    .45718E+04 10  9  9
    .30398E+04 10  9 10
    .47232E+02 10  9 11
    .00000E+00 10 10  1
    .00000E+00 10 10  2
    .00000E+00 10 10  3
    .00000E+00 10 10  4
    .00000E+00 10 10  5
    .11323E-11 10 10  6
    .16565E-05 10 10  7
    .35535E+00 10 10  8
    .45532E+03 10 10  9
    .25321E+04 10 10 10
    .84302E+02 10 10 11
    .22625E+04 11  6  1
    .19108E+05 11  6  2
    .52390E+05 11  6  3
    .47643E+05 11  6  4
    .19246E+05 11  6  5
    .28358E+05 11  6  6
    .20094E+04 11  6  7
    .54657E+00 11  6  8
    .18909E-02 11  6  9
    .68518E+02 11  6 10
    .99994E+03 11  6 11
    .26192E+01 11  6 12
    .11683E+04 11  7  1
    .14625E+05 11  7  2
    .61238E+05 11  7  3
    .87492E+05 11  7  4
    .43200E+05 11  7  5
    .10098E+05 11  7  6
    .15049E+05 11  7  7
    .11206E+04 11  7  8
    .55658E-01 11  7  9
    .46596E+02 11  7 10
    .11129E+04 11  7 11
    .95288E+01 11  7 12
    .52672E+04 11  8  1
    .83376E+04 11  8  2
    .20127E+05 11  8  3
    .37355E+05 11  8  4
    .28109E+05 11  8  5
    .74322E+04 11  8  6
    .27520E+04 11  8  7
    .82430E+04 11  8  8
    .71443E+03 11  8  9
    .78135E+02 11  8 10
    .11892E+04 11  8 11
    .18301E+02 11  8 12
    .00000E+00 11  9  1
    .00000E+00 11  9  2
    .00000E+00 11  9  3
    .00000E+00 11  9  4
    .12753E-12 11  9  5
    .64055E-06 11  9  6
    .37894E+00 11  9  7
    .89159E+03 11  9  8
    .42117E+04 11  9  9
    .38975E+03 11  9 10
    .12610E+04 11  9 11
    .21159E+02 11  9 12
    .00000E+00 11 10  1
    .00000E+00 11 10  2
    .00000E+00 11 10  3
    .00000E+00 11 10  4
    .00000E+00 11 10  5
    .11031E-11 11 10  6
    .16450E-05 11 10  7
    .35526E+00 11 10  8
    .49941E+03 11 10  9
    .22600E+04 11 10 10
    .15356E+04 11 10 11
    .22059E+02 11 10 12
    .00000E+00 11 11  1
    .00000E+00 11 11  2
    .00000E+00 11 11  3
    .00000E+00 11 11  4
    .00000E+00 11 11  5
    .00000E+00 11 11  6
    .74177E-11 11 11  7
    .35738E-05 11 11  8
    .29872E+00 11 11  9
    .23556E+03 11 11 10
    .12668E+04 11 11 11
    .41939E+02 11 11 12
    .20795E+04 12  6  1
    .17566E+05 12  6  2
    .48172E+05 12  6  3
    .43818E+05 12  6  4
    .17691E+05 12  6  5
    .26071E+05 12  6  6
    .18518E+04 12  6  7
    .50322E+00 12  6  8
    .17414E-02 12  6  9
    .19020E-05 12  6 10
    .43916E+02 12  6 11
    .47593E+03 12  6 12
    .33280E+00 12  6 13
    .10851E+04 12  7  1
    .13592E+05 12  7  2
    .56944E+05 12  7  3
    .81405E+05 12  7  4
    .40217E+05 12  7  5
    .93878E+04 12  7  6
    .13993E+05 12  7  7
    .10470E+04 12  7  8
    .51925E-01 12  7  9
    .10670E-03 12  7 10
    .31084E+02 12  7 11
    .51293E+03 12  7 12
    .14299E+01 12  7 13
    .11912E+05 12  8  1
    .17533E+05 12  8  2
    .38436E+05 12  8  3
    .69165E+05 12  8  4
    .57076E+05 12  8  5
    .16150E+05 12  8  6
    .43010E+04 12  8  7
    .81651E+04 12  8  8
    .80679E+03 12  8  9
    .71597E+02 12  8 10
    .45776E+02 12  8 11
    .59338E+03 12  8 12
    .50489E+01 12  8 13
    .23274E+04 12  9  1
    .17815E+04 12  9  2
    .13006E+04 12  9  3
    .11621E+04 12  9  4
    .10749E+04 12  9  5
    .43765E+03 12  9  6
    .21368E+03 12  9  7
    .96441E+03 12  9  8
    .40963E+04 12  9  9
    .36279E+03 12  9 10
    .36378E+02 12  9 11
    .62273E+03 12  9 12
    .94331E+01 12  9 13
    .85970E-01 12 10  1
    .21160E+00 12 10  2
    .45297E+00 12 10  3
    .85916E+00 12 10  4
    .14056E+01 12 10  5
    .19945E+01 12 10  6
    .23577E+01 12 10  7
    .26350E+01 12 10  8
    .48178E+03 12 10  9
    .21356E+04 12 10 10
    .20714E+03 12 10 11
    .63629E+03 12 10 12
    .10334E+02 12 10 13
    .00000E+00 12 11  1
    .00000E+00 12 11  2
    .00000E+00 12 11  3
    .00000E+00 12 11  4
    .00000E+00 12 11  5
    .00000E+00 12 11  6
    .73723E-11 12 11  7
    .35862E-05 12 11  8
    .30548E+00 12 11  9
    .26558E+03 12 11 10
    .11308E+04 12 11 11
    .77922E+03 12 11 12
    .10519E+02 12 11 13
    .00000E+00 12 12  1
    .00000E+00 12 12  2
    .00000E+00 12 12  3
    .00000E+00 12 12  4
    .00000E+00 12 12  5
    .00000E+00 12 12  6
    .17719E-15 12 12  7
    .40100E-10 12 12  8
    .70266E-05 12 12  9
    .24490E+00 12 12 10
    .12253E+03 12 12 11
    .62829E+03 12 12 12
    .20730E+02 12 12 13
    .19163E+04 13  6  1
    .16192E+05 13  6  2
    .44414E+05 13  6  3
    .40411E+05 13  6  4
    .16307E+05 13  6  5
    .24032E+05 13  6  6
    .17116E+04 13  6  7
    .46464E+00 13  6  8
    .16083E-02 13  6  9
    .17572E-05 13  6 10
    .59510E-09 13  6 11
    .23661E+02 13  6 12
    .21170E+03 13  6 13
    .41736E-01 13  6 14
    .10136E+04 13  7  1
    .12706E+05 13  7  2
    .53277E+05 13  7  3
    .76225E+05 13  7  4
    .37689E+05 13  7  5
    .87809E+04 13  7  6
    .13090E+05 13  7  7
    .98631E+03 13  7  8
    .48807E-01 13  7  9
    .10034E-03 13  7 10
    .67156E-07 13  7 11
    .20171E+02 13  7 12
    .24992E+03 13  7 13
    .18661E+00 13  7 14
    .42514E+04 13  8  1
    .14581E+05 13  8  2
    .51418E+05 13  8  3
    .97279E+05 13  8  4
    .76039E+05 13  8  5
    .23971E+05 13  8  6
    .50499E+04 13  8  7
    .75348E+04 13  8  8
    .61755E+03 13  8  9
    .11189E+02 13  8 10
    .29430E+01 13  8 11
    .15261E+02 13  8 12
    .27837E+03 13  8 13
    .81378E+00 13  8 14
    .11658E+05 13  9  1
    .16404E+05 13  9  2
    .25180E+05 13  9  3
    .40479E+05 13  9  4
    .44327E+05 13  9  5
    .20789E+05 13  9  6
    .65384E+04 13  9  7
    .26663E+04 13  9  8
    .39458E+04 13  9  9
    .46439E+03 13  9 10
    .72726E+02 13  9 11
    .40912E+02 13  9 12
    .31418E+03 13  9 13
    .26617E+01 13  9 14
    .25791E+04 13 10  1
    .36734E+04 13 10  2
    .61654E+04 13 10  3
    .10564E+05 13 10  4
    .14730E+05 13 10  5
    .12333E+05 13 10  6
    .52087E+04 13 10  7
    .15255E+04 13 10  8
    .10088E+04 13 10  9
    .19911E+04 13 10 10
    .23536E+03 13 10 11
    .31450E+02 13 10 12
    .32904E+03 13 10 13
    .54403E+01 13 10 14
    .12604E-07 13 11  1
    .79602E-04 13 11  2
    .74847E-01 13 11  3
    .11140E+02 13 11  4
    .29310E+03 13 11  5
    .15613E+04 13 11  6
    .49504E+03 13 11  7
    .60918E+02 13 11  8
    .21636E+03 13 11  9
    .47891E+03 13 11 10
    .10463E+04 13 11 11
    .10489E+03 13 11 12
    .33573E+03 13 11 13
    .67892E+01 13 11 14
    .00000E+00 13 12  1
    .00000E+00 13 12  2
    .00000E+00 13 12  3
    .00000E+00 13 12  4
    .28258E-16 13 12  5
    .70700E-10 13 12  6
    .10709E+00 13 12  7
    .31264E-01 13 12  8
    .15821E+01 13 12  9
    .10229E+02 13 12 10
    .15268E+03 13 12 11
    .55584E+03 13 12 12
    .40091E+03 13 12 13
    .52786E+01 13 12 14
    .00000E+00 13 13  1
    .00000E+00 13 13  2
    .00000E+00 13 13  3
    .00000E+00 13 13  4
    .00000E+00 13 13  5
    .00000E+00 13 13  6
    .00000E+00 13 13  7
    .21139E-01 13 13  8
    .17172E-09 13 13  9
    .11668E-04 13 13 10
    .18619E+00 13 13 11
    .61388E+02 13 13 12
    .29340E+03 13 13 13
    .10278E+02 13 13 14
    .17713E+04 14  6  1
    .14969E+05 14  6  2
    .41072E+05 14  6  3
    .37379E+05 14  6  4
    .15076E+05 14  6  5
    .22219E+05 14  6  6
    .15866E+04 14  6  7
    .43026E+00 14  6  8
    .14897E-02 14  6  9
    .16279E-05 14  6 10
    .55146E-09 14  6 11
    .57522E-13 14  6 12
    .11396E+02 14  6 13
    .96663E+02 14  6 14
    .50998E-02 14  6 15
    .95020E+03 14  7  1
    .11921E+05 14  7  2
    .50029E+05 14  7  3
    .71640E+05 14  7  4
    .35452E+05 14  7  5
    .82430E+04 14  7  6
    .12292E+05 14  7  7
    .93306E+03 14  7  8
    .46063E-01 14  7  9
    .94772E-04 14  7 10
    .70099E-07 14  7 11
    .39033E-08 14  7 12
    .11288E+02 14  7 13
    .11717E+03 14  7 14
    .24136E-01 14  7 15
    .46476E+03 14  8  1
    .61634E+04 14  8  2
    .41435E+05 14  8  3
    .97903E+05 14  8  4
    .81028E+05 14  8  5
    .23191E+05 14  8  6
    .36162E+04 14  8  7
    .64060E+04 14  8  8
    .49534E+03 14  8  9
    .10815E+02 14  8 10
    .56478E+01 14  8 11
    .27576E+01 14  8 12
    .11699E+02 14  8 13
    .14337E+03 14  8 14
    .12549E+00 14  8 15
    .40898E+03 14  9  1
    .10654E+04 14  9  2
    .82553E+04 14  9  3
    .46559E+05 14  9  4
    .83521E+05 14  9  5
    .37340E+05 14  9  6
    .55718E+04 14  9  7
    .16184E+04 14  9  8
    .33070E+04 14  9  9
    .45071E+03 14  9 10
    .95046E+02 14  9 11
    .33738E+02 14  9 12
    .21967E+02 14  9 13
    .16222E+03 14  9 14
    .46290E+00 14  9 15
    .12014E+02 14 10  1
    .61984E+02 14 10  2
    .95959E+03 14 10  3
    .91438E+04 14 10  4
    .32466E+05 14 10  5
    .34056E+05 14 10  6
    .10368E+05 14 10  7
    .25856E+04 14 10  8
    .19565E+04 14 10  9
    .20368E+04 14 10 10
    .27768E+03 14 10 11
    .24077E+02 14 10 12
    .13421E+02 14 10 13
    .18208E+03 14 10 14
    .15412E+01 14 10 15
    .15353E-06 14 11  1
    .94391E-03 14 11  2
    .83839E+00 14 11  3
    .11547E+03 14 11  4
    .27600E+04 14 11  5
    .13215E+05 14 11  6
    .88667E+04 14 11  7
    .12646E+04 14 11  8
    .22661E+04 14 11  9
    .17577E+04 14 11 10
    .89318E+03 14 11 11
    .65670E+02 14 11 12
    .85165E+01 14 11 13
    .19214E+03 14 11 14
    .32512E+01 14 11 15
    .00000E+00 14 12  1
    .00000E+00 14 12  2
    .00000E+00 14 12  3
    .00000E+00 14 12  4
    .15097E+00 14 12  5
    .12645E+03 14 12  6
    .12835E+04 14 12  7
    .71726E+02 14 12  8
    .58758E+03 14 12  9
    .12998E+04 14 12 10
    .63860E+03 14 12 11
    .39541E+03 14 12 12
    .43077E+02 14 12 13
    .18775E+03 14 12 14
    .40669E+01 14 12 15
    .00000E+00 14 13  1
    .00000E+00 14 13  2
    .00000E+00 14 13  3
    .00000E+00 14 13  4
    .00000E+00 14 13  5
    .00000E+00 14 13  6
    .19556E-02 14 13  7
    .50655E+00 14 13  8
    .14542E+02 14 13  9
    .64869E+02 14 13 10
    .73645E+02 14 13 11
    .12980E+03 14 13 12
    .25480E+03 14 13 13
    .19941E+03 14 13 14
    .26432E+01 14 13 15
    .00000E+00 14 14  1
    .00000E+00 14 14  2
    .00000E+00 14 14  3
    .00000E+00 14 14  4
    .00000E+00 14 14  5
    .00000E+00 14 14  6
    .00000E+00 14 14  7
    .00000E+00 14 14  8
    .00000E+00 14 14  9
    .00000E+00 14 14 10
    .00000E+00 14 14 11
    .15941E+00 14 14 12
    .32222E+02 14 14 13
    .15290E+03 14 14 14
    .53224E+01 14 14 15
    .16402E+04 15  6  1
    .13863E+05 15  6  2
    .38041E+05 15  6  3
    .34625E+05 15  6  4
    .13962E+05 15  6  5
    .20576E+05 15  6  6
    .14714E+04 15  6  7
    .27551E+00 15  6  8
    .00000E+00 15  6  9
    .00000E+00 15  6 10
    .00000E+00 15  6 11
    .00000E+00 15  6 12
    .00000E+00 15  6 13
    .52990E+01 15  6 14
    .42680E+02 15  6 15
    .63422E-03 15  6 16
    .86793E+03 15  7  1
    .10852E+05 15  7  2
    .45372E+05 15  7  3
    .64712E+05 15  7  4
    .31888E+05 15  7  5
    .74544E+04 15  7  6
    .11172E+05 15  7  7
    .79753E+03 15  7  8
    .11186E-01 15  7  9
    .00000E+00 15  7 10
    .00000E+00 15  7 11
    .00000E+00 15  7 12
    .00000E+00 15  7 13
    .56936E+01 15  7 14
    .51044E+02 15  7 15
    .33607E-02 15  7 16
    .31224E+03 15  8  1
    .48657E+04 15  8  2
    .33101E+05 15  8  3
    .78349E+05 15  8  4
    .64609E+05 15  8  5
    .18559E+05 15  8  6
    .29180E+04 15  8  7
    .50414E+04 15  8  8
    .38244E+03 15  8  9
    .48167E+01 15  8 10
    .23285E+01 15  8 11
    .10446E+01 15  8 12
    .44034E+00 15  8 13
    .55718E+01 15  8 14
    .66389E+02 15  8 15
    .17089E-01 15  8 16
    .12477E+04 15  9  1
    .18378E+04 15  9  2
    .65159E+04 15  9  3
    .41032E+05 15  9  4
    .95936E+05 15  9  5
    .43728E+05 15  9  6
    .55075E+04 15  9  7
    .22486E+04 15  9  8
    .31971E+04 15  9  9
    .57610E+03 15  9 10
    .14249E+03 15  9 11
    .43596E+02 15  9 12
    .12146E+02 15  9 13
    .10618E+02 15  9 14
    .84232E+02 15  9 15
    .65945E-01 15  9 16
    .66663E+02 15 10  1
    .12837E+03 15 10  2
    .48045E+03 15 10  3
    .70292E+04 15 10  4
    .42179E+05 15 10  5
    .50741E+05 15 10  6
    .16333E+05 15 10  7
    .64205E+04 15 10  8
    .37839E+04 15 10  9
    .22896E+04 15 10 10
    .34804E+03 15 10 11
    .36907E+02 15 10 12
    .40107E+01 15 10 13
    .80006E+01 15 10 14
    .97393E+02 15 10 15
    .26006E+00 15 10 16
    .29282E+00 15 11  1
    .21917E+01 15 11  2
    .14077E+02 15 11  3
    .37016E+03 15 11  4
    .70458E+04 15 11  5
    .26563E+05 15 11  6
    .20292E+05 15 11  7
    .87816E+04 15 11  8
    .70395E+04 15 11  9
    .30570E+04 15 11 10
    .97029E+03 15 11 11
    .78504E+02 15 11 12
    .19914E+01 15 11 13
    .67388E+01 15 11 14
    .10724E+03 15 11 15
    .85043E+00 15 11 16
    .00000E+00 15 12  1
    .00000E+00 15 12  2
    .10855E-01 15 12  3
    .22495E+01 15 12  4
    .21598E+03 15 12  5
    .39415E+04 15 12  6
    .12509E+05 15 12  7
    .63650E+04 15 12  8
    .57445E+04 15 12  9
    .48820E+04 15 12 10
    .14590E+04 15 12 11
    .36154E+03 15 12 12
    .26490E+02 15 12 13
    .58051E+01 15 12 14
    .10544E+03 15 12 15
    .16459E+01 15 12 16
    .00000E+00 15 13  1
    .00000E+00 15 13  2
    .27858E-04 15 13  3
    .37267E-01 15 13  4
    .11851E+01 15 13  5
    .60150E+02 15 13  6
    .13374E+04 15 13  7
    .36428E+04 15 13  8
    .18556E+04 15 13  9
    .23162E+04 15 13 10
    .17333E+04 15 13 11
    .48516E+03 15 13 12
    .18016E+03 15 13 13
    .21488E+02 15 13 14
    .10141E+03 15 13 15
    .21801E+01 15 13 16
    .00000E+00 15 14  1
    .00000E+00 15 14  2
    .55798E-02 15 14  3
    .93856E-01 15 14  4
    .74277E+00 15 14  5
    .41646E+01 15 14  6
    .16788E+02 15 14  7
    .19062E+03 15 14  8
    .17700E+03 15 14  9
    .90750E+02 15 14 10
    .76887E+02 15 14 11
    .14087E+03 15 14 12
    .74193E+02 15 14 13
    .11084E+03 15 14 14
    .10432E+03 15 14 15
    .14716E+01 15 14 16
    .00000E+00 15 15  1
    .00000E+00 15 15  2
    .00000E+00 15 15  3
    .00000E+00 15 15  4
    .00000E+00 15 15  5
    .00000E+00 15 15  6
    .00000E+00 15 15  7
    .00000E+00 15 15  8
    .00000E+00 15 15  9
    .00000E+00 15 15 10
    .00000E+00 15 15 11
    .10377E-05 15 15 12
    .17189E+01 15 15 13
    .16937E+02 15 15 14
    .76109E+02 15 15 15
    .27019E+01 15 15 16
    .15197E+04 16  6  1
    .12843E+05 16  6  2
    .35239E+05 16  6  3
    .32072E+05 16  6  4
    .12936E+05 16  6  5
    .19061E+05 16  6  6
    .13621E+04 16  6  7
    .36926E+00 16  6  8
    .12786E-02 16  6  9
    .13974E-05 16  6 10
    .47341E-09 16  6 11
    .49582E-13 16  6 12
    .00000E+00 16  6 13
    .00000E+00 16  6 14
    .21776E+01 16  6 15
    .21670E+02 16  6 16
    .78752E-04 16  6 17
    .74916E+03 16  7  1
    .92987E+04 16  7  2
    .38600E+05 16  7  3
    .54664E+05 16  7  4
    .26753E+05 16  7  5
    .63768E+04 16  7  6
    .94920E+04 16  7  7
    .64530E+03 16  7  8
    .38962E-01 16  7  9
    .35677E-02 16  7 10
    .21577E-02 16  7 11
    .13263E-02 16  7 12
    .81172E-03 16  7 13
    .49491E-03 16  7 14
    .24150E+01 16  7 15
    .25646E+02 16  7 16
    .46418E-03 16  7 17
    .47320E+03 16  8  1
    .40720E+04 16  8  2
    .26911E+05 16  8  3
    .63507E+05 16  8  4
    .52296E+05 16  8  5
    .15061E+05 16  8  6
    .23667E+04 16  8  7
    .40823E+04 16  8  8
    .31111E+03 16  8  9
    .46642E+01 16  8 10
    .27640E+01 16  8 11
    .16174E+01 16  8 12
    .93472E+00 16  8 13
    .53361E+00 16  8 14
    .29302E+01 16  8 15
    .30792E+02 16  8 16
    .21041E-02 16  8 17
    .26635E+04 16  9  1
    .37450E+04 16  9  2
    .10789E+05 16  9  3
    .42531E+05 16  9  4
    .92912E+05 16  9  5
    .45817E+05 16  9  6
    .72497E+04 16  9  7
    .26668E+04 16  9  8
    .28412E+04 16  9  9
    .49180E+03 16  9 10
    .10474E+03 16  9 11
    .29557E+02 16  9 12
    .87574E+01 16  9 13
    .30086E+01 16  9 14
    .50267E+01 16  9 15
    .41021E+02 16  9 16
    .84158E-02 16  9 17
    .28759E+04 16 10  1
    .49591E+04 16 10  2
    .80744E+04 16 10  3
    .17001E+05 16 10  4
    .62449E+05 16 10  5
    .77922E+05 16 10  6
    .30542E+05 16 10  7
    .13341E+05 16 10  8
    .61882E+04 16 10  9
    .28656E+04 16 10 10
    .56516E+03 16 10 11
    .10591E+03 16 10 12
    .22070E+02 16 10 13
    .44320E+01 16 10 14
    .58148E+01 16 10 15
    .52344E+02 16 10 16
    .38586E-01 16 10 17
    .36758E+03 16 11  1
    .10180E+04 16 11  2
    .24236E+04 16 11  3
    .56079E+04 16 11  4
    .19562E+05 16 11  5
    .49126E+05 16 11  6
    .43594E+05 16 11  7
    .24140E+05 16 11  8
    .12468E+05 16 11  9
    .44734E+04 16 11 10
    .13836E+04 16 11 11
    .19689E+03 16 11 12
    .23811E+02 16 11 13
    .31227E+01 16 11 14
    .60502E+01 16 11 15
    .55428E+02 16 11 16
    .14154E+00 16 11 17
    .71653E+01 16 12  1
    .44873E+02 16 12  2
    .21695E+03 16 12  3
    .86577E+03 16 12  4
    .37912E+04 16 12  5
    .15570E+05 16 12  6
    .28407E+05 16 12  7
    .23695E+05 16 12  8
    .15165E+05 16 12  9
    .73600E+04 16 12 10
    .22395E+04 16 12 11
    .56843E+03 16 12 12
    .61318E+02 16 12 13
    .37171E+01 16 12 14
    .95461E+01 16 12 15
    .53536E+02 16 12 16
    .40554E+00 16 12 17
    .43258E+00 16 13  1
    .40854E+01 16 13  2
    .29936E+02 16 13  3
    .17005E+03 16 13  4
    .81741E+03 16 13  5
    .36937E+04 16 13  6
    .11163E+05 16 13  7
    .15543E+05 16 13  8
    .11720E+05 16 13  9
    .75726E+04 16 13 10
    .37084E+04 16 13 11
    .11255E+04 16 13 12
    .30430E+03 16 13 13
    .41511E+02 16 13 14
    .10441E+02 16 13 15
    .52774E+02 16 13 16
    .76358E+00 16 13 17
    .14579E+02 16 14  1
    .41815E+02 16 14  2
    .10838E+03 16 14  3
    .25230E+03 16 14  4
    .53243E+03 16 14  5
    .11515E+04 16 14  6
    .28487E+04 16 14  7
    .58921E+04 16 14  8
    .62141E+04 16 14  9
    .38101E+04 16 14 10
    .28181E+04 16 14 11
    .14285E+04 16 14 12
    .30360E+03 16 14 13
    .12546E+03 16 14 14
    .27419E+02 16 14 15
    .56965E+02 16 14 16
    .13354E+01 16 14 17
    .36727E+01 16 15  1
    .71514E+01 16 15  2
    .12440E+02 16 15  3
    .19385E+02 16 15  4
    .29733E+02 16 15  5
    .72293E+02 16 15  6
    .30814E+03 16 15  7
    .10653E+04 16 15  8
    .22507E+04 16 15  9
    .16719E+04 16 15 10
    .51409E+03 16 15 11
    .32165E+03 16 15 12
    .87218E+02 16 15 13
    .18754E+02 16 15 14
    .49600E+02 16 15 15
    .53159E+02 16 15 16
    .80560E+00 16 15 17
    .26941E-05 16 16  1
    .12427E-03 16 16  2
    .40027E-02 16 16  3
    .85272E-01 16 16  4
    .12125E+01 16 16  5
    .11227E+02 16 16  6
    .66753E+02 16 16  7
    .25516E+03 16 16  8
    .62580E+03 16 16  9
    .93463E+03 16 16 10
    .45511E+03 16 16 11
    .10822E+03 16 16 12
    .17737E+02 16 16 13
    .32158E+01 16 16 14
    .86433E+01 16 16 15
    .37620E+02 16 16 16
    .13581E+01 16 16 17
    .14090E+04 17  6  1
    .11903E+05 17  6  2
    .32647E+05 17  6  3
    .29699E+05 17  6  4
    .11991E+05 17  6  5
    .17669E+05 17  6  6
    .12576E+04 17  6  7
    .28714E+00 17  6  8
    .00000E+00 17  6  9
    .00000E+00 17  6 10
    .00000E+00 17  6 11
    .00000E+00 17  6 12
    .00000E+00 17  6 13
    .00000E+00 17  6 14
    .00000E+00 17  6 15
    .10199E+01 17  6 16
    .95431E+01 17  6 17
    .98184E-05 17  6 18
    .64898E+03 17  7  1
    .78966E+04 17  7  2
    .32670E+05 17  7  3
    .46154E+05 17  7  4
    .22541E+05 17  7  5
    .54310E+04 17  7  6
    .80256E+04 17  7  7
    .53914E+03 17  7  8
    .29219E+00 17  7  9
    .16388E+00 17  7 10
    .98968E-01 17  7 11
    .59527E-01 17  7 12
    .35319E-01 17  7 13
    .20920E-01 17  7 14
    .12344E-01 17  7 15
    .10533E+01 17  7 16
    .11762E+02 17  7 17
    .61337E-04 17  7 18
    .24560E+04 17  8  1
    .49157E+04 17  8  2
    .23462E+05 17  8  3
    .53529E+05 17  8  4
    .43947E+05 17  8  5
    .12817E+05 17  8  6
    .21452E+04 17  8  7
    .34937E+04 17  8  8
    .31221E+03 17  8  9
    .32068E+02 17  8 10
    .16520E+02 17  8 11
    .83388E+01 17  8 12
    .41379E+01 17  8 13
    .20267E+01 17  8 14
    .98273E+00 17  8 15
    .16829E+01 17  8 16
    .14976E+02 17  8 17
    .26258E-03 17  8 18
    .39655E+04 17  9  1
    .69841E+04 17  9  2
    .17382E+05 17  9  3
    .48570E+05 17  9  4
    .87122E+05 17  9  5
    .46051E+05 17  9  6
    .82586E+04 17  9  7
    .21795E+04 17  9  8
    .20933E+04 17  9  9
    .26218E+03 17  9 10
    .32531E+02 17  9 11
    .78767E+01 17  9 12
    .21603E+01 17  9 13
    .67786E+00 17  9 14
    .23686E+00 17  9 15
    .21221E+01 17  9 16
    .18813E+02 17  9 17
    .99965E-03 17  9 18
    .25164E+05 17 10  1
    .40446E+05 17 10  2
    .55508E+05 17 10  3
    .71281E+05 17 10  4
    .11959E+06 17 10  5
    .12640E+06 17 10  6
    .52301E+05 17 10  7
    .19907E+05 17 10  8
    .72974E+04 17 10  9
    .29604E+04 17 10 10
    .61335E+03 17 10 11
    .12641E+03 17 10 12
    .25918E+02 17 10 13
    .46458E+01 17 10 14
    .72571E+00 17 10 15
    .36519E+01 17 10 16
    .27177E+02 17 10 17
    .49022E-02 17 10 18
    .58015E+04 17 11  1
    .14195E+05 17 11  2
    .27736E+05 17 11  3
    .45351E+05 17 11  4
    .71507E+05 17 11  5
    .10425E+06 17 11  6
    .81365E+05 17 11  7
    .38013E+05 17 11  8
    .14088E+05 17 11  9
    .39757E+04 17 11 10
    .11568E+04 17 11 11
    .16843E+03 17 11 12
    .20501E+02 17 11 13
    .24810E+01 17 11 14
    .24297E+00 17 11 15
    .39669E+01 17 11 16
    .28198E+02 17 11 17
    .19289E-01 17 11 18
    .26390E+04 17 12  1
    .66849E+04 17 12  2
    .13855E+05 17 12  3
    .24062E+05 17 12  4
    .36966E+05 17 12  5
    .54130E+05 17 12  6
    .61134E+05 17 12  7
    .41398E+05 17 12  8
    .19693E+05 17 12  9
    .72346E+04 17 12 10
    .19922E+04 17 12 11
    .53316E+03 17 12 12
    .73188E+02 17 12 13
    .76148E+01 17 12 14
    .80054E+00 17 12 15
    .43467E+01 17 12 16
    .26949E+02 17 12 17
    .70398E-01 17 12 18
    .23851E+04 17 13  1
    .50397E+04 17 13  2
    .92731E+04 17 13  3
    .14977E+05 17 13  4
    .21435E+05 17 13  5
    .27923E+05 17 13  6
    .33127E+05 17 13  7
    .29734E+05 17 13  8
    .18257E+05 17 13  9
    .88988E+04 17 13 10
    .35931E+04 17 13 11
    .11711E+04 17 13 12
    .35808E+03 17 13 13
    .66022E+02 17 13 14
    .10003E+02 17 13 15
    .61907E+01 17 13 16
    .26627E+02 17 13 17
    .20405E+00 17 13 18
    .16993E+04 17 14  1
    .33285E+04 17 14  2
    .57634E+04 17 14  3
    .88533E+04 17 14  4
    .12027E+05 17 14  5
    .14613E+05 17 14  6
    .16301E+05 17 14  7
    .16396E+05 17 14  8
    .12990E+05 17 14  9
    .77383E+04 17 14 10
    .39180E+04 17 14 11
    .16736E+04 17 14 12
    .60797E+03 17 14 13
    .22157E+03 17 14 14
    .56619E+02 17 14 15
    .16603E+02 17 14 16
    .29420E+02 17 14 17
    .42375E+00 17 14 18
    .48699E+03 17 15  1
    .78889E+03 17 15  2
    .12367E+04 17 15  3
    .18590E+04 17 15  4
    .26523E+04 17 15  5
    .35887E+04 17 15  6
    .46602E+04 17 15  7
    .56891E+04 17 15  8
    .60690E+04 17 15  9
    .51566E+04 17 15 10
    .35546E+04 17 15 11
    .17941E+04 17 15 12
    .47318E+03 17 15 13
    .12011E+03 17 15 14
    .54833E+02 17 15 15
    .13294E+02 17 15 16
    .29296E+02 17 15 17
    .72494E+00 17 15 18
    .23002E-02 17 16  1
    .33809E-01 17 16  2
    .29648E+00 17 16  3
    .21011E+01 17 16  4
    .11911E+02 17 16  5
    .51340E+02 17 16  6
    .16125E+03 17 16  7
    .35794E+03 17 16  8
    .56611E+03 17 16  9
    .65872E+03 17 16 10
    .57973E+03 17 16 11
    .34946E+03 17 16 12
    .85325E+02 17 16 13
    .11408E+02 17 16 14
    .69689E+01 17 16 15
    .23975E+02 17 16 16
    .26871E+02 17 16 17
    .33609E+00 17 16 18
    .20914E+00 17 17  1
    .35238E+00 17 17  2
    .65019E+00 17 17  3
    .13658E+01 17 17  4
    .27513E+01 17 17  5
    .51127E+01 17 17  6
    .83457E+01 17 17  7
    .11271E+02 17 17  8
    .12934E+02 17 17  9
    .10926E+02 17 17 10
    .74865E+01 17 17 11
    .40957E+01 17 17 12
    .10975E+01 17 17 13
    .87741E+00 17 17 14
    .22964E+00 17 17 15
    .45008E+01 17 17 16
    .19561E+02 17 17 17
    .70472E+00 17 17 18
    .13081E+04 18  6  1
    .11038E+05 18  6  2
    .30239E+05 18  6  3
    .27472E+05 18  6  4
    .11118E+05 18  6  5
    .16410E+05 18  6  6
    .11526E+04 18  6  7
    .31854E+00 18  6  8
    .34776E-02 18  6  9
    .14550E-02 18  6 10
    .88126E-03 18  6 11
    .53669E-03 18  6 12
    .32514E-03 18  6 13
    .19432E-03 18  6 14
    .11558E-03 18  6 15
    .68412E-04 18  6 16
    .44151E+00 18  6 17
    .49988E+01 18  6 18
    .12425E-05 18  6 19
    .10658E+04 18  7  1
    .72052E+04 18  7  2
    .28611E+05 18  7  3
    .40206E+05 18  7  4
    .19633E+05 18  7  5
    .47754E+04 18  7  6
    .70005E+04 18  7  7
    .48206E+03 18  7  8
    .10097E+02 18  7  9
    .56287E+01 18  7 10
    .30821E+01 18  7 11
    .16722E+01 18  7 12
    .89216E+00 18  7 13
    .46960E+00 18  7 14
    .24423E+00 18  7 15
    .12571E+00 18  7 16
    .50574E+00 18  7 17
    .56010E+01 18  7 18
    .82032E-05 18  7 19
    .62040E+04 18  8  1
    .95390E+04 18  8  2
    .26925E+05 18  8  3
    .52110E+05 18  8  4
    .40653E+05 18  8  5
    .12005E+05 18  8  6
    .21744E+04 18  8  7
    .30688E+04 18  8  8
    .28968E+03 18  8  9
    .31097E+02 18  8 10
    .12635E+02 18  8 11
    .52130E+01 18  8 12
    .21788E+01 18  8 13
    .91491E+00 18  8 14
    .38738E+00 18  8 15
    .16511E+00 18  8 16
    .58067E+00 18  8 17
    .66041E+01 18  8 18
    .33242E-04 18  8 19
    .26768E+04 18  9  1
    .11398E+05 18  9  2
    .39084E+05 18  9  3
    .92960E+05 18  9  4
    .10624E+06 18  9  5
    .47098E+05 18  9  6
    .73123E+04 18  9  7
    .11226E+04 18  9  8
    .14444E+04 18  9  9
    .12435E+03 18  9 10
    .14873E+01 18  9 11
    .13782E+00 18  9 12
    .11149E-01 18  9 13
    .85816E-03 18  9 14
    .71346E-04 18  9 15
    .65929E-05 18  9 16
    .94774E+00 18  9 17
    .87025E+01 18  9 18
    .12954E-03 18  9 19
    .10812E+06 18 10  1
    .20051E+06 18 10  2
    .27666E+06 18 10  3
    .28783E+06 18 10  4
    .26562E+06 18 10  5
    .19179E+06 18 10  6
    .65009E+05 18 10  7
    .18204E+05 18 10  8
    .48092E+04 18 10  9
    .17652E+04 18 10 10
    .22044E+03 18 10 11
    .21282E+02 18 10 12
    .23615E+01 18 10 13
    .21465E+00 18 10 14
    .15999E-01 18 10 15
    .98401E-03 18 10 16
    .22623E+01 18 10 17
    .14349E+02 18 10 18
    .59109E-03 18 10 19
    .87327E+05 18 11  1
    .16359E+06 18 11  2
    .23646E+06 18 11  3
    .26839E+06 18 11  4
    .24918E+06 18 11  5
    .20009E+06 18 11  6
    .10606E+06 18 11  7
    .33593E+05 18 11  8
    .86543E+04 18 11  9
    .18860E+04 18 11 10
    .62206E+03 18 11 11
    .68711E+02 18 11 12
    .48761E+01 18 11 13
    .43720E+00 18 11 14
    .31026E-01 18 11 15
    .43024E-02 18 11 16
    .27305E+01 18 11 17
    .14028E+02 18 11 18
    .21578E-02 18 11 19
    .11902E+06 18 12  1
    .15665E+06 18 12  2
    .17889E+06 18 12  3
    .17965E+06 18 12  4
    .16180E+06 18 12  5
    .13067E+06 18 12  6
    .91797E+05 18 12  7
    .44656E+05 18 12  8
    .16525E+05 18 12  9
    .49678E+04 18 12 10
    .12670E+04 18 12 11
    .39180E+03 18 12 12
    .61644E+02 18 12 13
    .86478E+01 18 12 14
    .13163E+01 18 12 15
    .20504E+00 18 12 16
    .29370E+01 18 12 17
    .13584E+02 18 12 18
    .91490E-02 18 12 19
    .13447E+06 18 13  1
    .13974E+06 18 13  2
    .13457E+06 18 13  3
    .12051E+06 18 13  4
    .10080E+06 18 13  5
    .78249E+05 18 13  6
    .55517E+05 18 13  7
    .34816E+05 18 13  8
    .17944E+05 18 13  9
    .79532E+04 18 13 10
    .30101E+04 18 13 11
    .10001E+04 18 13 12
    .34033E+03 18 13 13
    .79231E+02 18 13 14
    .17669E+02 18 13 15
    .39914E+01 18 13 16
    .36830E+01 18 13 17
    .13249E+02 18 13 18
    .33675E-01 18 13 19
    .12288E+06 18 14  1
    .11460E+06 18 14  2
    .10149E+06 18 14  3
    .85179E+05 18 14  4
    .67540E+05 18 14  5
    .50336E+05 18 14  6
    .35013E+05 18 14  7
    .22579E+05 18 14  8
    .13361E+05 18 14  9
    .71943E+04 18 14 10
    .35300E+04 18 14 11
    .15736E+04 18 14 12
    .64645E+03 18 14 13
    .26480E+03 18 14 14
    .83652E+02 18 14 15
    .25504E+02 18 14 16
    .99668E+01 18 14 17
    .14768E+02 18 14 18
    .97116E-01 18 14 19
    .90277E+05 18 15  1
    .83021E+05 18 15  2
    .73072E+05 18 15  3
    .61356E+05 18 15  4
    .49109E+05 18 15  5
    .37299E+05 18 15  6
    .26735E+05 18 15  7
    .17954E+05 18 15  8
    .11206E+05 18 15  9
    .64503E+04 18 15 10
    .34048E+04 18 15 11
    .16461E+04 18 15 12
    .73252E+03 18 15 13
    .30754E+03 18 15 14
    .13416E+03 18 15 15
    .45201E+02 18 15 16
    .16583E+02 18 15 17
    .17644E+02 18 15 18
    .24618E+00 18 15 19
    .18371E+05 18 16  1
    .18806E+05 18 16  2
    .18482E+05 18 16  3
    .17429E+05 18 16  4
    .15748E+05 18 16  5
    .13553E+05 18 16  6
    .11090E+05 18 16  7
    .85969E+04 18 16  8
    .62130E+04 18 16  9
    .40681E+04 18 16 10
    .22476E+04 18 16 11
    .89773E+03 18 16 12
    .31098E+03 18 16 13
    .10558E+03 18 16 14
    .38108E+02 18 16 15
    .23765E+02 18 16 16
    .53827E+01 18 16 17
    .14408E+02 18 16 18
    .30331E+00 18 16 19
    .42525E-01 18 17  1
    .24120E+00 18 17  2
    .11007E+01 18 17  3
    .40771E+01 18 17  4
    .12301E+02 18 17  5
    .30609E+02 18 17  6
    .63087E+02 18 17  7
    .10896E+03 18 17  8
    .18935E+03 18 17  9
    .24847E+03 18 17 10
    .12867E+03 18 17 11
    .46753E+02 18 17 12
    .10279E+02 18 17 13
    .35064E+00 18 17 14
    .40564E-01 18 17 15
    .36841E+01 18 17 16
    .13343E+02 18 17 17
    .13325E+02 18 17 18
    .12249E+00 18 17 19
    .00000E+00 18 18  1
    .00000E+00 18 18  2
    .00000E+00 18 18  3
    .00000E+00 18 18  4
    .00000E+00 18 18  5
    .00000E+00 18 18  6
    .00000E+00 18 18  7
    .00000E+00 18 18  8
    .00000E+00 18 18  9
    .00000E+00 18 18 10
    .15361E-03 18 18 11
    .19861E-01 18 18 12
    .18821E-02 18 18 13
    .00000E+00 18 18 14
    .61708E-04 18 18 15
    .40472E-01 18 18 16
    .23621E+01 18 18 17
    .10025E+02 18 18 18
    .36496E+00 18 18 19
